303,443
303,443
302,443
302,443
301,443
301,443
300,443
300,443
301,441
301,441
299,443
300,441
298,443
298,443
299,441
299,441
299,441
298,441
298,441
298,441
298,441
298,441
298,441
298,441
298,441
297,441
297,441
297,441
297,441
297,441
297,441
297,441
297,441
297,441
296,441
296,441
296,441
296,441
296,441
295,441
295,441
295,441
295,441
295,441
295,441
295,441
297,438
296,439
294,441
295,439
295,439
294,439
294,439
294,438
294,438
293,439
293,438
293,438
292,439
292,439
292,438
292,438
292,438
292,438
292,438
293,436
291,438
291,438
291,438
292,436
292,436
290,438
291,436
291,436
290,436
290,436
289,436
289,436
289,436
289,436
289,436
289,435
288,436
288,436
288,435
288,435
288,435
288,435
287,436
287,435
287,435
287,435
286,436
286,436
286,435
285,435
285,435
287,432
286,433
286,432
286,432
286,432
286,432
285,433
285,432
285,432
285,432
285,432
284,432
284,432
284,432
284,432
283,433
283,432
283,432
283,432
282,432
282,432
282,430
280,429
280,429
279,430
279,429
278,429
278,427
277,427
276,426
276,426
275,427
276,424
274,426
274,426
274,425
273,424
273,424
272,423
272,423
272,423
271,423
270,422
270,422
270,420
270,420
269,421
269,420
269,420
267,420
267,418
266,419
266,419
265,417
265,417
265,417
264,416
264,416
263,416
263,414
263,414
261,414
260,415
261,413
260,413
257,414
257,414
259,411
257,413
257,413
256,413
256,413
258,410
256,411
255,411
255,411
255,411
254,411
254,410
255,408
255,408
253,410
253,410
253,410
253,410
252,408
252,408
251,408
251,408
251,408
251,407
250,407
250,407
250,407
250,405
248,405
248,405
248,405
248,404
211,356
212,352
206,358
208,355
211,351
205,357
207,354
198,364
201,360
198,363
208,351
206,352
198,361
203,355
208,349
205,352
199,358
199,358
205,351
197,360
202,354
207,348
199,357
198,358
204,351
204,351
201,354
206,348
206,348
198,357
198,357
203,351
203,351
203,351
200,354
200,354
200,354
205,348
205,348
199,354
199,354
199,354
199,354
199,354
199,354
198,354
198,354
198,357
198,357
200,354
200,354
200,354
201,354
203,351
203,351
203,351
204,351
204,351
205,348
205,348
206,348
206,348
207,348
248,288
250,285
250,285
251,285
253,282
253,281
253,281
258,282
255,279
262,282
260,280
260,279
264,280
264,279
263,276
263,276
263,276
260,273
260,273
260,273
266,276
267,276
267,276
267,276
265,273
262,270
266,272
266,272
268,273
268,273
263,269
263,269
269,273
269,273
266,270
266,270
266,270
266,270
266,270
267,270
267,270
267,270
267,270
267,270
270,272
270,272
264,267
265,267
271,270
266,266
266,266
269,268
268,267
271,269
271,269
266,265
269,267
269,267
270,267
269,266
269,266
269,266
269,266
267,264
267,264
270,266
270,266
273,267
270,264
271,264
271,264
269,262
272,264
272,264
274,265
269,261
269,261
270,261
272,262
272,262
273,262
273,261
274,261
274,261
275,261
275,261
272,258
272,258
272,258
272,258
275,258
275,258
275,258
279,261
279,261
276,258
276,258
276,258
277,258
277,258
275,256
274,255
274,255
278,258
275,255
275,255
275,255
278,257
275,254
278,256
281,258
281,258
281,258
275,253
278,255
278,255
278,255
278,255
281,257
281,257
279,255
279,255
282,257
280,255
280,255
282,256
277,252
277,252
281,255
282,255
282,255
278,251
278,251
280,252
280,252
280,252
280,252
284,255
284,255
284,255
283,254
278,250
281,252
281,252
281,252
284,254
284,254
283,253
281,251
281,251
282,251
281,250
281,250
285,253
280,249
280,249
282,250
285,252
285,252
286,252
286,252
286,252
281,248
283,249
283,249
283,249
283,249
286,251
286,251
284,249
284,249
284,249
286,250
284,247
284,247
287,249
287,249
285,247
285,246
285,246
285,246
285,246
286,246
286,246
286,246
289,247
287,244
290,246
290,246
288,244
288,243
288,243
288,243
337,186
343,190
339,186
339,186
341,187
346,190
336,181
346,189
339,183
344,187
340,183
340,183
344,186
334,176
334,176
337,178
340,180
349,186
349,186
347,183
347,183
349,183
344,178
347,180
365,176
406,210
408,212
408,212
410,213
410,213
411,213
411,213
411,213
411,213
411,213
411,215
412,215
414,215
414,215
414,216
414,216
414,216
415,216
415,216
415,216
417,218
417,218
417,218
417,218
417,218
417,219
417,219
417,219
417,219
417,219
417,219
418,218
417,220
417,220
418,219
418,219
419,219
419,219
420,220
420,220
420,221
420,221
420,222
420,222
420,222
421,221
421,221
420,223
421,222
421,222
421,222
422,221
421,223
422,222
422,222
422,222
423,223
424,223
425,224
425,224
425,224
425,225
425,225
425,225
425,225
425,226
426,225
426,225
426,226
426,226
427,226
427,226
428,226
428,227
428,227
428,228
428,228
428,228
429,227
429,227
429,227
429,227
428,229
429,228
429,228
429,228
429,228
429,228
429,228
429,228
429,228
429,228
430,227
430,227
429,229
430,228
430,228
431,229
431,229
431,229
432,229
432,229
433,229
433,229
433,231
433,231
434,231
434,231
434,231
434,232
434,232
435,231
435,231
435,232
435,232
435,232
435,232
436,232
436,232
436,232
436,232
437,233
437,234
437,234
437,234
437,234
438,234
438,234
438,234
438,234
439,234
439,234
439,234
440,236
441,236
441,236
441,237
441,237
442,236
442,236
442,237
442,237
442,238
442,238
443,237
441,240
443,239
442,241
442,241
444,239
444,239
444,240
445,239
445,239
445,240
445,240
445,240
445,240
445,240
445,240
446,240
446,240
446,240
446,240
447,240
445,243
445,243
449,239
449,240
448,242
449,243
448,245
452,242
449,246
451,245
453,243
453,243
452,246
451,248
453,246
452,249
453,249
454,248
455,248
455,249
454,251
456,249
455,252
454,254
458,251
459,252
460,252
461,254
462,255
461,257
464,255
465,257
466,258
481,270
482,270
482,270
483,270
483,270
483,274
483,274
484,273
484,274
484,274
485,273
485,273
485,273
485,273
486,273
486,273
486,273
486,273
487,273
488,277
488,277
489,276
489,276
489,276
489,276
489,276
490,276
490,276
490,276
491,276
491,280
491,280
492,279
492,280
492,280
492,280
492,280
493,279
493,279
493,279
493,279
493,279
493,279
493,280
494,279
494,279
494,279
494,279
494,279
494,279
494,279
494,279
494,279
494,279
495,279
495,279
495,279
495,279
495,279
495,279
495,279
496,279
496,279
496,279
497,281
497,282
497,282
497,282
498,282
498,282
498,282
498,282
498,282
499,282
499,282
499,282
499,282
500,284
537,315
541,312
542,311
539,315
540,315
558,320
558,320
560,318
560,318
558,324
558,325
558,325
551,337
551,337
551,337
551,337
551,338
551,338
550,338
550,338
550,339
550,339
550,339
549,339
549,339
549,339
549,339
549,339
549,340
549,340
549,341
548,342
548,342
548,342
548,342
548,342
548,342
547,342
547,342
545,343
545,343
545,344
546,345
546,345
546,345
546,345
544,345
543,345
543,345
543,346
543,346
543,347
544,348
544,348
544,348
544,348
543,348
542,348
542,348
542,348
542,349
542,349
542,350
542,351
542,351
541,351
541,351
541,351
506,396
506,396
506,396
506,396
506,396
506,396
506,396
506,396
505,397
504,398
504,399
504,399
504,399
504,399
504,399
504,400
504,400
503,400
503,400
502,401
503,402
503,402
503,402
503,402
503,402
503,402
502,402
502,402
502,402
502,402
501,402
502,403
502,404
501,404
501,404
500,404
500,404
501,405
501,405
501,405
501,405
500,405
500,405
500,405
498,404
499,405
499,405
500,406
499,407
499,408
499,408
499,408
499,408
499,408
499,408
495,405
498,408
498,408
498,408
498,408
494,405
496,407
497,408
497,408
497,408
498,409
497,410
494,408
494,408
494,408
496,410
497,411
497,411
493,408
493,408
493,408
493,408
495,410
495,410
496,411
496,411
492,408
492,408
492,408
492,408
494,410
494,410
491,408
491,408
492,409
491,409
491,409
495,413
492,411
491,411
493,413
494,414
494,414
494,414
490,411
493,414
489,411
490,412
489,414
489,414
489,414
491,416
491,416
492,417
492,417
488,414
491,417
488,415
487,417
487,417
489,419
486,417
486,417
489,420
486,418
488,420
485,418
487,420
484,420
484,420
484,420
483,420
485,422
482,420
483,421
485,423
482,421
484,423
482,423
481,423
480,423
483,426
483,426
479,423
481,425
478,423
479,424
480,425
478,424
480,426
480,426
478,426
480,428
477,426
477,427
475,427
476,428
476,429
476,429
478,431
475,429
474,429
474,430
472,431
473,432
473,432
473,432
473,432
472,432
472,432
472,433
471,434
471,435
471,435
471,435
469,435
469,435
469,435
469,437
469,438
469,438
468,438
468,438
468,438
467,438
466,439
465,440
466,441
466,441
466,441
466,441
465,441
465,441
465,441
465,442
464,444
464,444
462,444
462,444
462,444
463,445
462,446
462,447
461,447
461,447
461,447
460,447
460,447
460,447
459,448
460,449
459,450
459,450
459,450
458,450
458,450
458,450
456,452
456,453
456,453
453,456
453,456
453,456
450,458
450,458
450,459
450,459
450,459
450,460
